matches_list = [(1,2),(1,3),(1,4),(1,5),(1,6),(1,7),(1,8),(1,9),(1,10),
                (2,1),(2,3),(2,4),(2,5),(2,6),(2,7),(2,8),(2,9),(2,10),
                (3,1),(3,2),(3,4),(3,5),(3,6),(3,7),(3,8),(3,9),(3,10),
                (4,1),(4,2),(4,3),(4,5),(4,6),(4,7),(4,8),(4,9),(4,10),
                (5,1),(5,2),(5,3),(5,4),(5,6),(5,7),(5,8),(5,9),(5,10),
                (6,1),(6,2),(6,3),(6,4),(6,5),(6,7),(6,8),(6,9),(6,10),
                (7,1),(7,2),(7,3),(7,4),(7,5),(7,6),(7,8),(7,9),(7,10),
                (8,1),(8,2),(8,3),(8,4),(8,5),(8,6),(8,7),(8,9),(8,10),
                (9,1),(9,2),(9,3),(9,4),(9,5),(9,6),(9,7),(9,8),(9,10),
                (10,1),(10,2),(10,3),(10,4),(10,5),(10,6),(10,7),(10,8),(10,9)]

matrix_cost = np.array([[0,745,665,929,605,521,370,587,467,670],
    			[745,0,80,337,1090,315,567,712,871,741],
   			[665,80,0,380,1020,257,501,664,808,697],
			[929,337,380,0,1380,408,622,646,878,732],
			[605,1090,1020,1380,0,1010,957,1190,1060,1270],
  			[521,315,257,408,1010,0,253,410,557,451],
 			[370,567,501,622,957,253,0,250,311,325],
  			[587,712,664,646,1190,410,250,0,260,86],
			[467,871,808,878,1060,557,311,260,0,328],
  			[670,741,697,732,1270,451,325,86,328,0]])